Edge	6	144	118	1	0	0	2732	-1
	Sequence	+edge_4_0_+disjointig_1_3710_4725 1015 1 30239 3710 4725
	Sequence	+edge_4_1_+disjointig_1_21985_23001 1016 1 30239 21985 23001
Edge	7	111	135	1	0	0	2732	-1
	Sequence	-edge_4_0_+disjointig_1_3710_4725 1015 -1 30239 25513 26528
	Sequence	-edge_4_1_+disjointig_1_21985_23001 1016 -1 30239 7237 8253
Edge	8	144	118	1	0	0	1148	-1
	Sequence	+edge_5_0_+disjointig_1_12847_13863 1016 1 30239 12847 13863
Edge	9	111	135	1	0	0	1148	-1
	Sequence	-edge_5_0_+disjointig_1_12847_13863 1016 -1 30239 16375 17391
Edge	18	54	140	0	0	0	188	-1
	Sequence	+edge_10_0_+disjointig_10_7080_12937 5857 2 517439 7080 12937
	Sequence	+edge_10_1_-disjointig_28_5490_11324 5834 -21 68774 5490 11324
	Sequence	+edge_10_2_+disjointig_31_81825_87685 5860 25 94700 81825 87685
	Sequence	+edge_10_3_+disjointig_5_526189_532041 5852 32 647461 526189 532041
Edge	19	120	138	0	0	0	188	-1
	Sequence	-edge_10_0_+disjointig_10_7080_12937 5857 -2 517439 504501 510358
	Sequence	-edge_10_1_-disjointig_28_5490_11324 5834 21 68774 57449 63283
	Sequence	-edge_10_2_+disjointig_31_81825_87685 5860 -25 94700 7014 12874
	Sequence	-edge_10_3_+disjointig_5_526189_532041 5852 -32 647461 115419 121271
Edge	20	129	53	0	0	0	94	-1
	Sequence	+edge_11_0_-disjointig_31_12874_94699 81825 -25 94700 12874 94699
Edge	21	88	23	0	0	0	94	-1
	Sequence	-edge_11_0_-disjointig_31_12874_94699 81825 25 94700 0 81825
Edge	24	140	152	0	0	0	86	-1
	Sequence	+edge_13_0_-disjointig_28_11324_56118 44794 -21 68774 11324 56118
Edge	25	11	120	0	0	0	86	-1
	Sequence	-edge_13_0_-disjointig_28_11324_56118 44794 21 68774 12655 57449
Edge	26	140	70	0	0	0	87	-1
	Sequence	+edge_14_0_+disjointig_5_532041_647460 115419 32 647461 532041 647460
Edge	27	35	120	0	0	0	87	-1
	Sequence	-edge_14_0_+disjointig_5_532041_647460 115419 -32 647461 0 115419
Edge	34	16	28	0	0	0	94	-1
	Sequence	+edge_18_0_+disjointig_9_433490_557084 123594 36 557085 433490 557084
Edge	35	26	15	0	0	0	94	-1
	Sequence	-edge_18_0_+disjointig_9_433490_557084 123594 -36 557085 0 123594
Edge	38	6	68	0	0	0	70	-1
	Sequence	+edge_20_0_-disjointig_33_11678_14371 2693 -27 25896 11678 14371
Edge	39	40	36	0	0	0	70	-1
	Sequence	-edge_20_0_-disjointig_33_11678_14371 2693 27 25896 11524 14217
Edge	42	143	64	0	0	0	62	-1
	Sequence	+edge_22_0_+disjointig_11_4845_11802 6957 3 40390 4845 11802
	Sequence	+edge_22_1_-disjointig_34_1_7030 7029 -28 15738 1 7030
Edge	43	148	141	0	0	0	62	-1
	Sequence	-edge_22_0_+disjointig_11_4845_11802 6957 -3 40390 28587 35544
	Sequence	-edge_22_1_-disjointig_34_1_7030 7029 28 15738 8707 15736
Edge	44	85	134	1	0	0	295	-1
	Sequence	+edge_23_0_+disjointig_11_11802_12953 1151 3 40390 11802 12953
	Sequence	+edge_23_1_-disjointig_11_10786_11968 1182 -3 40390 10786 11968
	Sequence	+edge_23_2_-disjointig_34_7030_8219 1189 -28 15738 7030 8219
Edge	45	145	142	1	0	0	295	-1
	Sequence	-edge_23_0_+disjointig_11_11802_12953 1151 -3 40390 27436 28587
	Sequence	-edge_23_1_-disjointig_11_10786_11968 1182 3 40390 28421 29603
	Sequence	-edge_23_2_-disjointig_34_7030_8219 1189 28 15738 7518 8707
Edge	46	22	86	0	0	0	143	-1
	Sequence	+edge_24_0_+disjointig_11_29603_40389 10786 3 40390 29603 40389
Edge	47	130	128	0	0	0	143	-1
	Sequence	-edge_24_0_+disjointig_11_29603_40389 10786 -3 40390 0 10786
Edge	52	125	123	0	0	0	82	-1
	Sequence	+edge_27_0_+disjointig_12_0_162889 162889 4 817802 0 162889
Edge	53	122	81	0	0	0	82	-1
	Sequence	-edge_27_0_+disjointig_12_0_162889 162889 -4 817802 654912 817801
Edge	54	123	119	0	0	0	141	-1
	Sequence	+edge_28_0_+disjointig_12_162889_169087 6198 4 817802 162889 169087
	Sequence	+edge_28_1_+disjointig_18_78132_84289 6157 10 91211 78132 84289
	Sequence	+edge_28_2_-disjointig_37_8029_14191 6162 -29 29710 8029 14191
Edge	55	131	122	0	0	0	141	-1
	Sequence	-edge_28_0_+disjointig_12_162889_169087 6198 -4 817802 648714 654912
	Sequence	-edge_28_1_+disjointig_18_78132_84289 6157 -10 91211 6921 13078
	Sequence	-edge_28_2_-disjointig_37_8029_14191 6162 29 29710 15518 21680
Edge	60	119	114	0	0	0	74	-1
	Sequence	+edge_31_0_-disjointig_37_14191_15967 1776 -29 29710 14191 15967
Edge	61	87	131	0	0	0	74	-1
	Sequence	-edge_31_0_-disjointig_37_14191_15967 1776 29 29710 13742 15518
Edge	68	51	103	0	0	0	83	-1
	Sequence	+edge_35_0_+disjointig_13_483409_558593 75184 5 569448 483409 558593
Edge	69	90	24	0	0	0	83	-1
	Sequence	-edge_35_0_+disjointig_13_483409_558593 75184 -5 569448 10854 86038
Edge	72	25	159	0	0	0	76	-1
	Sequence	+edge_37_0_-disjointig_25_10162_110293 100131 -18 110294 10162 110293
Edge	73	147	107	0	0	0	76	-1
	Sequence	-edge_37_0_-disjointig_25_10162_110293 100131 18 110294 0 100131
Edge	74	103	133	1	0	0	815	-1
	Sequence	+edge_38_0_+disjointig_13_558593_559342 749 5 569448 558593 559342
	Sequence	+edge_38_1_-disjointig_2_587781_588705 924 -12 611629 587781 588705
	Sequence	+edge_38_2_-disjointig_21_273562_274348 786 -14 275977 273562 274348
	Sequence	+edge_38_3_+disjointig_8_713815_714525 710 35 725049 713815 714525
Edge	75	124	90	1	0	0	815	-1
	Sequence	-edge_38_0_+disjointig_13_558593_559342 749 -5 569448 10105 10854
	Sequence	-edge_38_1_-disjointig_2_587781_588705 924 12 611629 22923 23847
	Sequence	-edge_38_2_-disjointig_21_273562_274348 786 14 275977 1628 2414
	Sequence	-edge_38_3_+disjointig_8_713815_714525 710 -35 725049 10523 11233
Edge	76	90	2	0	0	0	71	-1
	Sequence	+edge_39_0_+disjointig_2_23847_106282 82435 12 611629 23847 106282
Edge	77	3	103	0	0	0	71	-1
	Sequence	-edge_39_0_+disjointig_2_23847_106282 82435 -12 611629 505346 587781
Edge	78	90	61	1	0	0	300	-1
	Sequence	+edge_40_0_+disjointig_21_2414_9922 7508 14 275977 2414 9922
	Sequence	+edge_40_1_-disjointig_8_11233_18764 7531 -35 725049 11233 18764
Edge	79	74	103	1	0	0	300	-1
	Sequence	-edge_40_0_+disjointig_21_2414_9922 7508 -14 275977 266054 273562
	Sequence	-edge_40_1_-disjointig_8_11233_18764 7531 35 725049 706284 713815
Edge	82	124	100	1	0	0	1759	-1
	Sequence	+edge_42_0_-disjointig_13_3493_7293 3800 -5 569448 3493 7293
	Sequence	+edge_42_1_+disjointig_2_2227_5891 3664 12 611629 2227 5891
	Sequence	+edge_42_2_+disjointig_2_9377_12691 3314 12 611629 9377 12691
	Sequence	+edge_42_3_+disjointig_2_16177_19989 3812 12 611629 16177 19989
	Sequence	+edge_42_4_+disjointig_43_0_4178 4178 31 22685 0 4178
	Sequence	+edge_42_5_+disjointig_43_7188_11551 4363 31 22685 7188 11551
	Sequence	+edge_42_6_-disjointig_8_3493_7521 4028 -35 725049 3493 7521
Edge	83	136	133	1	0	0	1759	-1
	Sequence	-edge_42_0_-disjointig_13_3493_7293 3800 5 569448 562154 565954
	Sequence	-edge_42_1_+disjointig_2_2227_5891 3664 -12 611629 605737 609401
	Sequence	-edge_42_2_+disjointig_2_9377_12691 3314 -12 611629 598937 602251
	Sequence	-edge_42_3_+disjointig_2_16177_19989 3812 -12 611629 591639 595451
	Sequence	-edge_42_4_+disjointig_43_0_4178 4178 -31 22685 18506 22684
	Sequence	-edge_42_5_+disjointig_43_7188_11551 4363 -31 22685 11133 15496
	Sequence	-edge_42_6_-disjointig_8_3493_7521 4028 35 725049 717527 721555
Edge	86	136	136	1	0	0	664	-1
	Sequence	+edge_44_0_+disjointig_13_568547_569446 899 5 569448 568547 569446
	Sequence	+edge_44_1_-disjointig_2_604838_605737 899 -12 611629 604838 605737
	Sequence	+edge_44_2_-disjointig_2_598038_598937 899 -12 611629 598038 598937
	Sequence	+edge_44_3_+disjointig_8_724148_725047 899 35 725049 724148 725047
Edge	87	100	100	1	0	0	664	-1
	Sequence	-edge_44_0_+disjointig_13_568547_569446 899 -5 569448 1 900
	Sequence	-edge_44_1_-disjointig_2_604838_605737 899 12 611629 5891 6790
	Sequence	-edge_44_2_-disjointig_2_598038_598937 899 12 611629 12691 13590
	Sequence	-edge_44_3_+disjointig_8_724148_725047 899 -35 725049 1 900
Edge	88	21	82	0	0	0	65	-1
	Sequence	+edge_45_0_+disjointig_17_635317_639270 3953 9 639693 635317 639270
	Sequence	+edge_45_1_+disjointig_22_324863_328820 3957 15 331020 324863 328820
Edge	89	80	116	0	0	0	65	-1
	Sequence	-edge_45_0_+disjointig_17_635317_639270 3953 -9 639693 422 4375
	Sequence	-edge_45_1_+disjointig_22_324863_328820 3957 -15 331020 2199 6156
Edge	90	100	104	1	0	0	271	-1
	Sequence	+edge_46_0_-disjointig_17_4375_8615 4240 -9 639693 4375 8615
	Sequence	+edge_46_1_-disjointig_22_6156_10381 4225 -15 331020 6156 10381
	Sequence	+edge_46_2_+disjointig_43_11551_15903 4352 31 22685 11551 15903
Edge	91	132	136	1	0	0	271	-1
	Sequence	-edge_46_0_-disjointig_17_4375_8615 4240 9 639693 631077 635317
	Sequence	-edge_46_1_-disjointig_22_6156_10381 4225 15 331020 320638 324863
	Sequence	-edge_46_2_+disjointig_43_11551_15903 4352 -31 22685 6781 11133
Edge	114	12	149	0	0	0	84	-1
	Sequence	+edge_58_0_+disjointig_20_8591_695724 687133 13 709138 8591 695724
Edge	115	63	71	0	0	0	84	-1
	Sequence	-edge_58_0_+disjointig_20_8591_695724 687133 -13 709138 13413 700546
Edge	122	84	117	0	0	0	199	-1
	Sequence	+edge_62_0_+disjointig_16_12538_19192 6654 8 123920 12538 19192
	Sequence	+edge_62_1_-disjointig_29_3792_10238 6446 -22 52967 3792 10238
Edge	123	41	153	0	0	0	199	-1
	Sequence	-edge_62_0_+disjointig_16_12538_19192 6654 -8 123920 104727 111381
	Sequence	-edge_62_1_-disjointig_29_3792_10238 6446 22 52967 42728 49174
Edge	124	84	47	0	0	0	87	-1
	Sequence	+edge_63_0_-disjointig_7_22296_918906 896610 -34 918907 22296 918906
Edge	125	34	153	0	0	0	87	-1
	Sequence	-edge_63_0_-disjointig_7_22296_918906 896610 34 918907 0 896610
Edge	126	139	76	0	0	0	84	-1
	Sequence	+edge_64_0_-disjointig_29_10238_52966 42728 -22 52967 10238 52966
Edge	127	44	20	0	0	0	84	-1
	Sequence	-edge_64_0_-disjointig_29_10238_52966 42728 22 52967 0 42728
Edge	150	13	31	0	0	0	82	-1
	Sequence	+edge_76_0_-disjointig_24_11425_960388 948963 -17 985034 11425 960388
Edge	151	49	150	0	0	0	82	-1
	Sequence	-edge_76_0_-disjointig_24_11425_960388 948963 17 985034 24645 973608
Edge	156	149	91	1	0	0	93	-1
	Sequence	+edge_79_0_+disjointig_20_695724_709136 13412 13 709138 695724 709136
	Sequence	+edge_79_1_-disjointig_4_671024_684413 13389 -30 684415 671024 684413
Edge	157	115	63	1	0	0	93	-1
	Sequence	-edge_79_0_+disjointig_20_695724_709136 13412 -13 709138 1 13413
	Sequence	-edge_79_1_-disjointig_4_671024_684413 13389 30 684415 1 13390
Edge	158	63	113	0	0	0	84	-1
	Sequence	+edge_80_0_+disjointig_4_13390_684414 671024 30 684415 13390 684414
Edge	159	37	149	0	0	0	84	-1
	Sequence	-edge_80_0_+disjointig_4_13390_684414 671024 -30 684415 0 671024
Edge	168	58	56	0	0	0	84	-1
	Sequence	+edge_85_0_+disjointig_23_0_437753 437753 16 437754 0 437753
Edge	169	66	155	0	0	0	84	-1
	Sequence	-edge_85_0_+disjointig_23_0_437753 437753 -16 437754 0 437753
Edge	174	49	42	0	0	0	77	-1
	Sequence	+edge_88_0_+disjointig_30_10842_260231 249389 24 260232 10842 260231
Edge	175	121	31	0	0	0	77	-1
	Sequence	-edge_88_0_+disjointig_30_10842_260231 249389 -24 260232 0 249389
Edge	178	95	46	0	0	0	90	-1
	Sequence	+edge_90_0_+disjointig_26_11937_138071 126134 19 148490 11937 138071
Edge	179	45	48	0	0	0	90	-1
	Sequence	-edge_90_0_+disjointig_26_11937_138071 126134 -19 148490 10418 136552
Edge	184	45	62	1	0	0	205	-1
	Sequence	+edge_93_0_+disjointig_3_12670_23364 10694 23 280936 12670 23364
	Sequence	+edge_93_1_+disjointig_5_13243_23901 10658 32 647461 13243 23901
Edge	185	156	46	1	0	0	205	-1
	Sequence	-edge_93_0_+disjointig_3_12670_23364 10694 -23 280936 257571 268265
	Sequence	-edge_93_1_+disjointig_5_13243_23901 10658 -32 647461 623559 634217
Edge	192	62	43	0	0	0	85	-1
	Sequence	+edge_97_0_+disjointig_3_23364_280935 257571 23 280936 23364 280935
Edge	193	96	156	0	0	0	85	-1
	Sequence	-edge_97_0_+disjointig_3_23364_280935 257571 -23 280936 0 257571
Edge	196	40	32	1	0	0	198	-1
	Sequence	+edge_99_0_-disjointig_8_509629_526971 17342 -35 725049 509629 526971
	Sequence	+edge_99_1_+disjointig_9_12952_29790 16838 36 557085 12952 29790
Edge	197	101	68	1	0	0	198	-1
	Sequence	-edge_99_0_-disjointig_8_509629_526971 17342 35 725049 198077 215419
	Sequence	-edge_99_1_+disjointig_9_12952_29790 16838 -36 557085 527294 544132
Edge	198	19	39	0	0	0	77	-1
	Sequence	+edge_100_0_-disjointig_9_544132_557084 12952 -36 557085 544132 557084
Edge	199	29	102	0	0	0	77	-1
	Sequence	-edge_100_0_-disjointig_9_544132_557084 12952 36 557085 0 12952
Edge	204	33	101	0	0	0	88	-1
	Sequence	+edge_103_0_+disjointig_8_0_198077 198077 35 725049 0 198077
Edge	205	32	30	0	0	0	88	-1
	Sequence	-edge_103_0_+disjointig_8_0_198077 198077 -35 725049 526971 725048
Edge	206	118	144	1	0	0	3976	-1
	Sequence	+edge_104_0_+disjointig_1_4725_12847 8122 1 30239 4725 12847
	Sequence	+edge_104_1_+disjointig_1_13863_21985 8122 1 30239 13863 21985
	Sequence	+edge_104_2_+disjointig_2_603513_611627 8114 12 611629 603513 611627
Edge	207	135	111	1	0	0	3976	-1
	Sequence	-edge_104_0_+disjointig_1_4725_12847 8122 -1 30239 17391 25513
	Sequence	-edge_104_1_+disjointig_1_13863_21985 8122 -1 30239 8253 16375
	Sequence	-edge_104_2_+disjointig_2_603513_611627 8114 -12 611629 1 8115
Edge	208	111	4	0	0	0	74	-1
	Sequence	+edge_105_0_-disjointig_2_8115_500437 492322 -12 611629 8115 500437
Edge	209	151	118	0	0	0	74	-1
	Sequence	-edge_105_0_-disjointig_2_8115_500437 492322 12 611629 111191 603513
Edge	210	95	54	0	0	0	82	-1
	Sequence	+edge_106_0_+disjointig_5_109812_526189 416377 32 647461 109812 526189
Edge	211	138	48	0	0	0	82	-1
	Sequence	-edge_106_0_+disjointig_5_109812_526189 416377 -32 647461 121271 537648
Edge	212	140	7	0	0	0	82	-1
	Sequence	+edge_107_0_+disjointig_10_12937_506943 494006 2 517439 12937 506943
Edge	213	5	120	0	0	0	82	-1
	Sequence	-edge_107_0_+disjointig_10_12937_506943 494006 -2 517439 10495 504501
Edge	214	105	101	0	0	0	82	-1
	Sequence	+edge_108_0_-disjointig_9_128400_527294 398894 -36 557085 128400 527294
Edge	215	32	17	0	0	0	82	-1
	Sequence	-edge_108_0_-disjointig_9_128400_527294 398894 36 557085 29790 428684
Edge	216	134	145	1	0	0	339	-1
	Sequence	+edge_109_0_+disjointig_11_12953_28421 15468 3 40390 12953 28421
Edge	217	134	145	1	0	0	339	-1
	Sequence	-edge_109_0_+disjointig_11_12953_28421 15468 -3 40390 11968 27436
Edge	218	18	77	0	0	0	90	-1
	Sequence	+edge_110_0_-disjointig_18_13078_91210 78132 -10 91211 13078 91210
Edge	219	94	127	0	0	0	90	-1
	Sequence	-edge_110_0_-disjointig_18_13078_91210 78132 10 91211 0 78132
Edge	220	119	97	0	0	0	84	-1
	Sequence	+edge_111_0_+disjointig_12_169087_817801 648714 4 817802 169087 817801
Edge	221	106	131	0	0	0	84	-1
	Sequence	-edge_111_0_+disjointig_12_169087_817801 648714 -4 817802 0 648714
Edge	222	109	51	0	0	0	87	-1
	Sequence	+edge_112_0_+disjointig_13_0_483409 483409 5 569448 0 483409
Edge	223	24	112	0	0	0	87	-1
	Sequence	-edge_112_0_+disjointig_13_0_483409 483409 -5 569448 86038 569447
Edge	224	107	59	0	0	0	81	-1
	Sequence	+edge_113_0_+disjointig_22_8943_308997 300054 15 331020 8943 308997
Edge	225	92	25	0	0	0	81	-1
	Sequence	-edge_113_0_+disjointig_22_8943_308997 300054 -15 331020 22022 322076
Edge	226	133	136	1	0	0	1697	-1
	Sequence	+edge_114_0_+disjointig_13_559342_562154 2812 5 569448 559342 562154
	Sequence	+edge_114_1_+disjointig_13_565954_568547 2593 5 569448 565954 568547
	Sequence	+edge_114_2_-disjointig_2_609401_611628 2227 -12 611629 609401 611628
	Sequence	+edge_114_3_-disjointig_2_602251_604838 2587 -12 611629 602251 604838
	Sequence	+edge_114_4_-disjointig_2_595451_598038 2587 -12 611629 595451 598038
	Sequence	+edge_114_5_-disjointig_2_588705_591639 2934 -12 611629 588705 591639
	Sequence	+edge_114_6_-disjointig_43_15496_18506 3010 -31 22685 15496 18506
	Sequence	+edge_114_7_+disjointig_8_714525_717527 3002 35 725049 714525 717527
	Sequence	+edge_114_8_+disjointig_8_721555_724148 2593 35 725049 721555 724148
Edge	227	100	124	1	0	0	1697	-1
	Sequence	-edge_114_0_+disjointig_13_559342_562154 2812 -5 569448 7293 10105
	Sequence	-edge_114_1_+disjointig_13_565954_568547 2593 -5 569448 900 3493
	Sequence	-edge_114_2_-disjointig_2_609401_611628 2227 12 611629 0 2227
	Sequence	-edge_114_3_-disjointig_2_602251_604838 2587 12 611629 6790 9377
	Sequence	-edge_114_4_-disjointig_2_595451_598038 2587 12 611629 13590 16177
	Sequence	-edge_114_5_-disjointig_2_588705_591639 2934 12 611629 19989 22923
	Sequence	-edge_114_6_-disjointig_43_15496_18506 3010 31 22685 4178 7188
	Sequence	-edge_114_7_+disjointig_8_714525_717527 3002 -35 725049 7521 10523
	Sequence	-edge_114_8_+disjointig_8_721555_724148 2593 -35 725049 900 3493
Edge	228	99	10	0	0	0	88	-1
	Sequence	+edge_115_0_+disjointig_14_0_175256 175256 6 219248 0 175256
Edge	229	89	98	0	0	0	88	-1
	Sequence	-edge_115_0_+disjointig_14_0_175256 175256 -6 219248 43991 219247
Edge	230	9	38	0	0	0	80	-1
	Sequence	+edge_116_0_+disjointig_14_179491_203581 24090 6 219248 179491 203581
Edge	231	146	8	0	0	0	80	-1
	Sequence	-edge_116_0_+disjointig_14_179491_203581 24090 -6 219248 15666 39756
Edge	232	117	67	0	0	0	87	-1
	Sequence	+edge_117_0_+disjointig_16_19192_123916 104724 8 123920 19192 123916
Edge	233	93	41	0	0	0	87	-1
	Sequence	-edge_117_0_+disjointig_16_19192_123916 104724 -8 123920 3 104727
Edge	234	67	78	0	0	0	79	-1
	Sequence	+edge_118_0_+disjointig_15_9401_266059 256658 7 278588 9401 266059
Edge	235	154	93	0	0	0	79	-1
	Sequence	-edge_118_0_+disjointig_15_9401_266059 256658 -7 278588 12528 269186
Edge	236	72	84	1	0	0	124	-1
	Sequence	+edge_119_0_-disjointig_7_0_22296 22296 -34 918907 0 22296
Edge	237	153	55	1	0	0	124	-1
	Sequence	-edge_119_0_-disjointig_7_0_22296 22296 34 918907 896610 918906
Edge	238	61	69	0	0	0	87	-1
	Sequence	+edge_120_0_+disjointig_21_9922_275975 266053 14 275977 9922 275975
Edge	239	79	74	0	0	0	87	-1
	Sequence	-edge_120_0_+disjointig_21_9922_275975 266053 -14 275977 1 266054
Edge	240	69	132	0	0	0	84	-1
	Sequence	+edge_121_0_+disjointig_17_14276_631077 616801 9 639693 14276 631077
Edge	241	104	79	0	0	0	84	-1
	Sequence	-edge_121_0_+disjointig_17_14276_631077 616801 -9 639693 8615 625416
Edge	242	104	92	1	0	0	192	-1
	Sequence	+edge_122_0_-disjointig_22_10381_22022 11641 -15 331020 10381 22022
Edge	243	59	132	1	0	0	192	-1
	Sequence	-edge_122_0_-disjointig_22_10381_22022 11641 15 331020 308997 320638
Edge	244	137	75	0	0	0	80	-1
	Sequence	+edge_123_0_-disjointig_6_0_318644 318644 -33 318645 0 318644
Edge	245	73	83	0	0	0	80	-1
	Sequence	-edge_123_0_-disjointig_6_0_318644 318644 33 318645 0 318644
Edge	246	75	0	0	0	0	77	-1
	Sequence	+edge_124_0_+disjointig_19_9176_115037 105861 11 236344 9176 115037
Edge	247	126	73	0	0	0	77	-1
	Sequence	-edge_124_0_+disjointig_19_9176_115037 105861 -11 236344 121306 227167
Edge	248	158	1	0	0	0	77	-1
	Sequence	+edge_125_0_+disjointig_19_120102_223224 103122 11 236344 120102 223224
Edge	249	50	14	0	0	0	77	-1
	Sequence	-edge_125_0_+disjointig_19_120102_223224 103122 -11 236344 13119 116241
Edge	250	61	87	0	0	0	77	-1
	Sequence	+edge_126_0_-disjointig_8_18764_261673 242909 -35 725049 18764 261673
Edge	251	114	74	0	0	0	77	-1
	Sequence	-edge_126_0_-disjointig_8_18764_261673 242909 35 725049 463375 706284
Edge	252	92	108	0	0	0	81	-1
	Sequence	+edge_127_0_+disjointig_27_8931_414073 405142 20 414075 8931 414073
Edge	253	110	59	0	0	0	81	-1
	Sequence	-edge_127_0_+disjointig_27_8931_414073 405142 -20 414075 1 405143
Edge	254	108	60	0	0	0	66	-1
	Sequence	+edge_128_0_+disjointig_32_13058_70428 57370 26 70429 13058 70428
Edge	255	65	110	0	0	0	66	-1
	Sequence	-edge_128_0_+disjointig_32_13058_70428 57370 -26 70429 0 57370
Edge	256	52	49	1	0	0	195	-1
	Sequence	+edge_129_0_+disjointig_24_0_24645 24645 17 985034 0 24645
Edge	257	31	157	1	0	0	195	-1
	Sequence	-edge_129_0_+disjointig_24_0_24645 24645 -17 985034 960388 985033
Edge	258	62	95	0	0	0	92	-1
	Sequence	+edge_130_0_+disjointig_5_23901_109812 85911 32 647461 23901 109812
Edge	259	48	156	0	0	0	92	-1
	Sequence	-edge_130_0_+disjointig_5_23901_109812 85911 -32 647461 537648 623559
Edge	260	46	57	1	0	0	165	-1
	Sequence	+edge_131_0_-disjointig_3_268265_280930 12665 -23 280936 268265 280930
	Sequence	+edge_131_1_-disjointig_5_634217_647453 13236 -32 647461 634217 647453
Edge	261	27	45	1	0	0	165	-1
	Sequence	-edge_131_0_-disjointig_3_268265_280930 12665 23 280936 5 12670
	Sequence	-edge_131_1_-disjointig_5_634217_647453 13236 32 647461 7 13243
Edge	262	87	40	0	0	0	80	-1
	Sequence	+edge_132_0_-disjointig_8_261673_509629 247956 -35 725049 261673 509629
Edge	263	68	114	0	0	0	80	-1
	Sequence	-edge_132_0_-disjointig_8_261673_509629 247956 35 725049 215419 463375
Edge	264	17	16	0	0	0	88	-1
	Sequence	+edge_133_0_-test_sample.115280_2299_7104 4805 * 0 0 0
Edge	265	15	105	0	0	0	88	-1
	Sequence	-edge_133_0_-test_sample.115280_2299_7104 4805 * 0 0 0
Edge	266	150	158	0	0	0	79	-1
	Sequence	+edge_134_0_+test_sample.56841_1980_7044 5064 * 0 0 0
Edge	267	14	13	0	0	0	79	-1
	Sequence	-edge_134_0_+test_sample.56841_1980_7044 5064 * 0 0 0
Edge	268	71	154	0	0	0	81	-1
	Sequence	+edge_135_0_-test_sample.27961_1985_6895 4910 * 0 0 0
Edge	269	78	12	0	0	0	81	-1
	Sequence	-edge_135_0_-test_sample.27961_1985_6895 4910 * 0 0 0
Edge	270	152	146	0	0	0	83	-1
	Sequence	+edge_136_0_+test_sample.72824_4372_8586 4214 * 0 0 0
Edge	271	38	11	0	0	0	83	-1
	Sequence	-edge_136_0_+test_sample.72824_4372_8586 4214 * 0 0 0
Edge	272	10	9	0	0	0	84	-1
	Sequence	+edge_137_0_+test_sample.82332_1620_5855 4235 * 0 0 0
Edge	273	8	89	0	0	0	84	-1
	Sequence	-edge_137_0_+test_sample.82332_1620_5855 4235 * 0 0 0
Edge	274	7	6	0	0	0	76	-1
	Sequence	+edge_138_0_+test_sample.90278_1680_6382 4702 * 0 0 0
Edge	275	36	5	0	0	0	76	-1
	Sequence	-edge_138_0_+test_sample.90278_1680_6382 4702 * 0 0 0
Edge	276	4	3	0	0	0	72	-1
	Sequence	+edge_139_0_+test_sample.14115_1114_6024 4910 * 0 0 0
Edge	277	2	151	0	0	0	72	-1
	Sequence	-edge_139_0_+test_sample.14115_1114_6024 4910 * 0 0 0
Edge	278	1	126	0	0	0	77	-1
	Sequence	+edge_140_0_+test_sample.115160_4509_9580 5071 * 0 0 0
Edge	279	0	50	0	0	0	77	-1
	Sequence	-edge_140_0_+test_sample.115160_4509_9580 5071 * 0 0 0
