Edge	6	108	82	1	0	0	2732	-1
	Sequence	+edge_4_0_+disjointig_1_3710_4725 1015 1 30239 3710 4725
	Sequence	+edge_4_1_+disjointig_1_21985_23001 1016 1 30239 21985 23001
Edge	7	100	154	1	0	0	2732	-1
	Sequence	-edge_4_0_+disjointig_1_3710_4725 1015 -1 30239 25513 26528
	Sequence	-edge_4_1_+disjointig_1_21985_23001 1016 -1 30239 7237 8253
Edge	8	108	82	1	0	0	1149	-1
	Sequence	+edge_5_0_+disjointig_1_12847_13863 1016 1 30239 12847 13863
Edge	9	100	154	1	0	0	1149	-1
	Sequence	-edge_5_0_+disjointig_1_12847_13863 1016 -1 30239 16375 17391
Edge	12	147	61	0	0	0	82	-1
	Sequence	+edge_7_0_+disjointig_10_0_162889 162889 2 817802 0 162889
Edge	13	104	148	0	0	0	82	-1
	Sequence	-edge_7_0_+disjointig_10_0_162889 162889 -2 817802 654912 817801
Edge	14	61	122	0	0	1	60	-1
	Sequence	+edge_8_0_+disjointig_10_162889_169118 6229 2 817802 162889 169118
	Sequence	+edge_8_1_+disjointig_18_81717_87905 6188 10 94796 81717 87905
	Sequence	+edge_8_2_-disjointig_36_8029_14192 6163 -28 29710 8029 14192
Edge	15	153	104	0	0	1	60	-1
	Sequence	-edge_8_0_+disjointig_10_162889_169118 6229 -2 817802 648683 654912
	Sequence	-edge_8_1_+disjointig_18_81717_87905 6188 -10 94796 6890 13078
	Sequence	-edge_8_2_-disjointig_36_8029_14192 6163 28 29710 15517 21680
Edge	20	8	93	0	0	0	74	-1
	Sequence	+edge_11_0_-disjointig_36_14192_15967 1775 -28 29710 14192 15967
Edge	21	83	11	0	0	0	74	-1
	Sequence	-edge_11_0_-disjointig_36_14192_15967 1775 28 29710 13742 15517
Edge	30	90	140	0	0	0	188	-1
	Sequence	+edge_16_0_+disjointig_11_7080_12937 5857 3 517439 7080 12937
	Sequence	+edge_16_1_-disjointig_26_5490_11324 5834 -19 68774 5490 11324
	Sequence	+edge_16_2_+disjointig_30_81832_87692 5860 24 94707 81832 87692
	Sequence	+edge_16_3_+disjointig_9_525283_531135 5852 35 646555 525283 531135
Edge	31	129	141	0	0	0	188	-1
	Sequence	-edge_16_0_+disjointig_11_7080_12937 5857 -3 517439 504501 510358
	Sequence	-edge_16_1_-disjointig_26_5490_11324 5834 19 68774 57449 63283
	Sequence	-edge_16_2_+disjointig_30_81832_87692 5860 -24 94707 7014 12874
	Sequence	-edge_16_3_+disjointig_9_525283_531135 5852 -35 646555 115419 121271
Edge	32	134	77	0	0	0	94	-1
	Sequence	+edge_17_0_-disjointig_30_12874_94706 81832 -24 94707 12874 94706
Edge	33	126	118	0	0	0	94	-1
	Sequence	-edge_17_0_-disjointig_30_12874_94706 81832 24 94707 0 81832
Edge	36	140	14	0	0	0	86	-1
	Sequence	+edge_19_0_-disjointig_26_11324_56118 44794 -19 68774 11324 56118
Edge	37	12	129	0	0	0	86	-1
	Sequence	-edge_19_0_-disjointig_26_11324_56118 44794 19 68774 12655 57449
Edge	38	140	25	0	0	0	87	-1
	Sequence	+edge_20_0_+disjointig_9_531135_646554 115419 35 646555 531135 646554
Edge	39	150	129	0	0	0	87	-1
	Sequence	-edge_20_0_+disjointig_9_531135_646554 115419 -35 646555 0 115419
Edge	44	107	72	0	0	0	151	-1
	Sequence	+edge_23_0_+disjointig_11_506943_511704 4761 3 517439 506943 511704
	Sequence	+edge_23_1_-disjointig_32_6976_11678 4702 -26 25896 6976 11678
	Sequence	+edge_23_2_-disjointig_8_123594_128400 4806 -34 558901 123594 128400
Edge	45	64	138	0	0	0	151	-1
	Sequence	-edge_23_0_+disjointig_11_506943_511704 4761 -3 517439 5734 10495
	Sequence	-edge_23_1_-disjointig_32_6976_11678 4702 26 25896 14217 18919
	Sequence	-edge_23_2_-disjointig_8_123594_128400 4806 34 558901 430500 435306
Edge	46	138	28	0	0	0	95	-1
	Sequence	+edge_24_0_+disjointig_8_435306_558900 123594 34 558901 435306 558900
Edge	47	26	107	0	0	0	95	-1
	Sequence	-edge_24_0_+disjointig_8_435306_558900 123594 -34 558901 0 123594
Edge	50	145	45	0	0	0	47	-1
	Sequence	+edge_26_0_-disjointig_32_11678_25895 14217 -26 25896 11678 25895
Edge	51	29	21	0	0	0	47	-1
	Sequence	-edge_26_0_-disjointig_32_11678_25895 14217 26 25896 0 14217
Edge	54	66	58	0	0	0	64	-1
	Sequence	+edge_28_0_+disjointig_12_4845_11850 7005 4 40438 4845 11850
	Sequence	+edge_28_1_-disjointig_33_1_7030 7029 -27 15738 1 7030
Edge	55	20	119	0	0	0	64	-1
	Sequence	-edge_28_0_+disjointig_12_4845_11850 7005 -4 40438 28587 35592
	Sequence	-edge_28_1_-disjointig_33_1_7030 7029 27 15738 8707 15736
Edge	56	132	128	1	0	0	295	-1
	Sequence	+edge_29_0_+disjointig_12_11850_13001 1151 4 40438 11850 13001
	Sequence	+edge_29_1_-disjointig_12_10786_11968 1182 -4 40438 10786 11968
	Sequence	+edge_29_2_-disjointig_33_7030_8219 1189 -27 15738 7030 8219
Edge	57	87	110	1	0	0	295	-1
	Sequence	-edge_29_0_+disjointig_12_11850_13001 1151 -4 40438 27436 28587
	Sequence	-edge_29_1_-disjointig_12_10786_11968 1182 4 40438 28469 29651
	Sequence	-edge_29_2_-disjointig_33_7030_8219 1189 27 15738 7518 8707
Edge	58	124	101	0	0	0	144	-1
	Sequence	+edge_30_0_+disjointig_12_29651_40437 10786 4 40438 29651 40437
Edge	59	139	19	0	0	0	144	-1
	Sequence	-edge_30_0_+disjointig_12_29651_40437 10786 -4 40438 0 10786
Edge	68	24	123	0	0	0	83	-1
	Sequence	+edge_35_0_+disjointig_13_483409_558598 75189 5 569460 483409 558598
Edge	69	121	23	0	0	0	83	-1
	Sequence	-edge_35_0_+disjointig_13_483409_558598 75189 -5 569460 10861 86050
Edge	72	142	40	0	0	0	76	-1
	Sequence	+edge_37_0_-disjointig_23_10162_110293 100131 -16 110294 10162 110293
Edge	73	65	22	0	0	0	76	-1
	Sequence	-edge_37_0_-disjointig_23_10162_110293 100131 16 110294 0 100131
Edge	74	123	137	1	0	0	1119	-1
	Sequence	+edge_38_0_+disjointig_13_558598_559342 744 5 569460 558598 559342
	Sequence	+edge_38_1_-disjointig_14_211058_212007 949 -6 219307 211058 212007
	Sequence	+edge_38_2_-disjointig_2_587781_588705 924 -12 611514 587781 588705
	Sequence	+edge_38_3_-disjointig_20_273562_274268 706 -13 275871 273562 274268
	Sequence	+edge_38_4_-disjointig_5_713821_714595 774 -31 735670 713821 714595
Edge	75	149	121	1	0	0	1119	-1
	Sequence	-edge_38_0_+disjointig_13_558598_559342 744 -5 569460 10117 10861
	Sequence	-edge_38_1_-disjointig_14_211058_212007 949 6 219307 7299 8248
	Sequence	-edge_38_2_-disjointig_2_587781_588705 924 12 611514 22808 23732
	Sequence	-edge_38_3_-disjointig_20_273562_274268 706 13 275871 1602 2308
	Sequence	-edge_38_4_-disjointig_5_713821_714595 774 31 735670 21074 21848
Edge	76	121	115	1	0	0	422	-1
	Sequence	+edge_39_0_+disjointig_14_8248_10276 2028 6 219307 8248 10276
	Sequence	+edge_39_1_+disjointig_2_23732_25765 2033 12 611514 23732 25765
Edge	77	111	123	1	0	0	422	-1
	Sequence	-edge_39_0_+disjointig_14_8248_10276 2028 -6 219307 209030 211058
	Sequence	-edge_39_1_+disjointig_2_23732_25765 2033 -12 611514 585748 587781
Edge	78	121	73	1	0	0	301	-1
	Sequence	+edge_40_0_+disjointig_20_2308_9816 7508 13 275871 2308 9816
	Sequence	+edge_40_1_+disjointig_5_21848_29349 7501 31 735670 21848 29349
Edge	79	144	123	1	0	0	301	-1
	Sequence	-edge_40_0_+disjointig_20_2308_9816 7508 -13 275871 266054 273562
	Sequence	-edge_40_1_+disjointig_5_21848_29349 7501 -31 735670 706320 713821
Edge	82	149	117	1	0	0	1967	-1
	Sequence	+edge_42_0_-disjointig_13_3528_6816 3288 -5 569460 3528 6816
	Sequence	+edge_42_1_+disjointig_14_569_4264 3695 6 219307 569 4264
	Sequence	+edge_42_2_+disjointig_2_2600_5909 3309 12 611514 2600 5909
	Sequence	+edge_42_3_+disjointig_2_9386_12576 3190 12 611514 9386 12576
	Sequence	+edge_42_4_+disjointig_2_16079_19385 3306 12 611514 16079 19385
	Sequence	+edge_42_5_+disjointig_22_2603_5905 3302 15 1220630 2603 5905
	Sequence	+edge_42_6_+disjointig_22_9459_12711 3252 15 1220630 9459 12711
	Sequence	+edge_42_7_+disjointig_22_16262_20035 3773 15 1220630 16262 20035
	Sequence	+edge_42_8_+disjointig_5_651_4002 3351 31 735670 651 4002
	Sequence	+edge_42_9_+disjointig_5_7485_10664 3179 31 735670 7485 10664
	Sequence	+edge_42_10_+disjointig_5_14186_17530 3344 31 735670 14186 17530
Edge	83	114	137	1	0	0	1967	-1
	Sequence	-edge_42_0_-disjointig_13_3528_6816 3288 5 569460 562643 565931
	Sequence	-edge_42_1_+disjointig_14_569_4264 3695 -6 219307 215042 218737
	Sequence	-edge_42_2_+disjointig_2_2600_5909 3309 -12 611514 605604 608913
	Sequence	-edge_42_3_+disjointig_2_9386_12576 3190 -12 611514 598937 602127
	Sequence	-edge_42_4_+disjointig_2_16079_19385 3306 -12 611514 592128 595434
	Sequence	-edge_42_5_+disjointig_22_2603_5905 3302 -15 1220630 1214724 1218026
	Sequence	-edge_42_6_+disjointig_22_9459_12711 3252 -15 1220630 1207918 1211170
	Sequence	-edge_42_7_+disjointig_22_16262_20035 3773 -15 1220630 1200594 1204367
	Sequence	-edge_42_8_+disjointig_5_651_4002 3351 -31 735670 731667 735018
	Sequence	-edge_42_9_+disjointig_5_7485_10664 3179 -31 735670 725005 728184
	Sequence	-edge_42_10_+disjointig_5_14186_17530 3344 -31 735670 718139 721483
Edge	86	114	114	1	0	0	1667	-1
	Sequence	+edge_44_0_+disjointig_13_561743_562643 900 5 569460 561743 562643
	Sequence	+edge_44_1_+disjointig_13_568559_569458 899 5 569460 568559 569458
	Sequence	+edge_44_2_-disjointig_2_604704_605604 900 -12 611514 604704 605604
	Sequence	+edge_44_3_-disjointig_2_598037_598937 900 -12 611514 598037 598937
	Sequence	+edge_44_4_-disjointig_2_591229_592128 899 -12 611514 591229 592128
	Sequence	+edge_44_5_-disjointig_22_1213824_1214724 900 -15 1220630 1213824 1214724
	Sequence	+edge_44_6_-disjointig_22_1207018_1207918 900 -15 1220630 1207018 1207918
	Sequence	+edge_44_7_-disjointig_5_730768_731667 899 -31 735670 730768 731667
	Sequence	+edge_44_8_-disjointig_5_724105_725005 900 -31 735670 724105 725005
	Sequence	+edge_44_9_-disjointig_5_717239_718139 900 -31 735670 717239 718139
Edge	87	117	117	1	0	0	1667	-1
	Sequence	-edge_44_0_+disjointig_13_561743_562643 900 -5 569460 6816 7716
	Sequence	-edge_44_1_+disjointig_13_568559_569458 899 -5 569460 1 900
	Sequence	-edge_44_2_-disjointig_2_604704_605604 900 12 611514 5909 6809
	Sequence	-edge_44_3_-disjointig_2_598037_598937 900 12 611514 12576 13476
	Sequence	-edge_44_4_-disjointig_2_591229_592128 899 12 611514 19385 20284
	Sequence	-edge_44_5_-disjointig_22_1213824_1214724 900 15 1220630 5905 6805
	Sequence	-edge_44_6_-disjointig_22_1207018_1207918 900 15 1220630 12711 13611
	Sequence	-edge_44_7_-disjointig_5_730768_731667 899 31 735670 4002 4901
	Sequence	-edge_44_8_-disjointig_5_724105_725005 900 31 735670 10664 11564
	Sequence	-edge_44_9_-disjointig_5_717239_718139 900 31 735670 17530 18430
Edge	92	115	5	0	0	0	71	-1
	Sequence	+edge_47_0_+disjointig_2_25765_106167 80402 12 611514 25765 106167
Edge	93	127	111	0	0	0	71	-1
	Sequence	-edge_47_0_+disjointig_2_25765_106167 80402 -12 611514 505346 585748
Edge	114	15	71	0	0	0	84	-1
	Sequence	+edge_58_0_+disjointig_21_8591_695724 687133 14 709136 8591 695724
Edge	115	69	48	0	0	0	84	-1
	Sequence	-edge_58_0_+disjointig_21_8591_695724 687133 -14 709136 13411 700544
Edge	136	113	79	0	0	0	199	-1
	Sequence	+edge_69_0_+disjointig_17_12538_19192 6654 9 123920 12538 19192
	Sequence	+edge_69_1_-disjointig_29_3792_10238 6446 -22 52967 3792 10238
Edge	137	76	80	0	0	0	199	-1
	Sequence	-edge_69_0_+disjointig_17_12538_19192 6654 -9 123920 104727 111381
	Sequence	-edge_69_1_-disjointig_29_3792_10238 6446 22 52967 42728 49174
Edge	138	113	55	0	0	0	87	-1
	Sequence	+edge_70_0_-disjointig_6_22298_918907 896609 -32 918908 22298 918907
Edge	139	32	80	0	0	0	87	-1
	Sequence	-edge_70_0_-disjointig_6_22298_918907 896609 32 918908 0 896609
Edge	140	18	51	0	0	0	84	-1
	Sequence	+edge_71_0_-disjointig_29_10238_52966 42728 -22 52967 10238 52966
Edge	141	86	17	0	0	0	84	-1
	Sequence	-edge_71_0_-disjointig_29_10238_52966 42728 22 52967 0 42728
Edge	152	71	70	1	0	0	93	-1
	Sequence	+edge_77_0_+disjointig_21_695724_709134 13410 14 709136 695724 709134
	Sequence	+edge_77_1_-disjointig_3_671024_684415 13391 -23 684417 671024 684415
Edge	153	135	69	1	0	0	93	-1
	Sequence	-edge_77_0_+disjointig_21_695724_709134 13410 -14 709136 1 13411
	Sequence	-edge_77_1_-disjointig_3_671024_684415 13391 23 684417 1 13392
Edge	154	69	49	0	0	0	84	-1
	Sequence	+edge_78_0_+disjointig_3_13392_684416 671024 23 684417 13392 684416
Edge	155	89	71	0	0	0	84	-1
	Sequence	-edge_78_0_+disjointig_3_13392_684416 671024 -23 684417 0 671024
Edge	160	67	106	0	0	0	77	-1
	Sequence	+edge_81_0_-disjointig_27_10842_260232 249390 -20 260233 10842 260232
Edge	161	44	112	0	0	0	77	-1
	Sequence	-edge_81_0_-disjointig_27_10842_260232 249390 20 260233 0 249390
Edge	170	59	78	0	0	0	84	-1
	Sequence	+edge_86_0_+disjointig_25_0_437753 437753 18 437754 0 437753
Edge	171	94	57	0	0	0	84	-1
	Sequence	-edge_86_0_+disjointig_25_0_437753 437753 -18 437754 0 437753
Edge	174	56	63	0	0	0	90	-1
	Sequence	+edge_88_0_+disjointig_28_11937_138071 126134 21 148487 11937 138071
Edge	175	54	43	0	0	0	90	-1
	Sequence	-edge_88_0_+disjointig_28_11937_138071 126134 -21 148487 10415 136549
Edge	178	63	3	1	0	0	313	-1
	Sequence	+edge_90_0_+disjointig_28_138071_139410 1339 21 148487 138071 139410
	Sequence	+edge_90_1_-disjointig_4_268263_269581 1318 -30 279436 268263 269581
	Sequence	+edge_90_2_-disjointig_9_634311_635649 1338 -35 646555 634311 635649
Edge	179	0	54	1	0	0	313	-1
	Sequence	-edge_90_0_+disjointig_28_138071_139410 1339 -21 148487 9076 10415
	Sequence	-edge_90_1_-disjointig_4_268263_269581 1318 30 279436 9854 11172
	Sequence	-edge_90_2_-disjointig_9_634311_635649 1338 35 646555 10905 12243
Edge	180	54	125	1	0	0	202	-1
	Sequence	+edge_91_0_+disjointig_4_11172_21866 10694 30 279436 11172 21866
	Sequence	+edge_91_1_+disjointig_9_12243_22995 10752 35 646555 12243 22995
Edge	181	146	63	1	0	0	202	-1
	Sequence	-edge_91_0_+disjointig_4_11172_21866 10694 -30 279436 257569 268263
	Sequence	-edge_91_1_+disjointig_9_12243_22995 10752 -35 646555 623559 634311
Edge	182	53	52	1	0	0	309	2
	Sequence	+edge_92_0_+disjointig_28_139410_140086 676 21 148487 139410 140086
	Sequence	+edge_92_1_-disjointig_4_269581_270257 676 -30 279436 269581 270257
Edge	183	81	99	1	0	0	309	3
	Sequence	-edge_92_0_+disjointig_28_139410_140086 676 -21 148487 8400 9076
	Sequence	-edge_92_1_-disjointig_4_269581_270257 676 30 279436 9178 9854
Edge	184	53	52	1	0	0	0	2
	Sequence	+edge_93_0_-disjointig_9_635649_637662 2013 -35 646555 635649 637662
Edge	185	81	99	1	0	0	0	3
	Sequence	-edge_93_0_-disjointig_9_635649_637662 2013 35 646555 8892 10905
Edge	192	41	157	0	0	0	79	-1
	Sequence	+edge_97_0_+disjointig_5_272260_520546 248286 31 735670 272260 520546
Edge	193	35	95	0	0	0	79	-1
	Sequence	-edge_97_0_+disjointig_5_272260_520546 248286 -31 735670 215123 463409
Edge	194	125	98	0	0	0	85	-1
	Sequence	+edge_98_0_+disjointig_4_21866_279435 257569 30 279436 21866 279435
Edge	195	96	146	0	0	0	85	-1
	Sequence	-edge_98_0_+disjointig_4_21866_279435 257569 -30 279436 0 257569
Edge	196	157	136	1	0	0	197	-1
	Sequence	+edge_99_0_+disjointig_5_520546_537572 17026 31 735670 520546 537572
	Sequence	+edge_99_1_+disjointig_8_14768_31606 16838 34 558901 14768 31606
Edge	197	38	35	1	0	0	197	-1
	Sequence	-edge_99_0_+disjointig_5_520546_537572 17026 -31 735670 198097 215123
	Sequence	-edge_99_1_+disjointig_8_14768_31606 16838 -34 558901 527294 544132
Edge	198	35	37	0	0	0	116	-1
	Sequence	+edge_100_0_-disjointig_8_544132_547855 3723 -34 558901 544132 547855
Edge	199	34	157	0	0	0	116	-1
	Sequence	-edge_100_0_-disjointig_8_544132_547855 3723 34 558901 11045 14768
Edge	200	136	37	0	0	0	88	-1
	Sequence	+edge_101_0_+disjointig_5_537572_724566 186994 31 735670 537572 724566
Edge	201	34	38	0	0	0	88	-1
	Sequence	-edge_101_0_+disjointig_5_537572_724566 186994 -31 735670 11103 198097
Edge	202	37	36	1	0	0	91	-1
	Sequence	+edge_102_0_+disjointig_5_724566_735642 11076 31 735670 724566 735642
	Sequence	+edge_102_1_-disjointig_8_547855_558871 11016 -34 558901 547855 558871
Edge	203	33	34	1	0	0	91	-1
	Sequence	-edge_102_0_+disjointig_5_724566_735642 11076 -31 735670 27 11103
	Sequence	-edge_102_1_-disjointig_8_547855_558871 11016 34 558901 29 11045
Edge	204	82	108	1	0	0	3976	-1
	Sequence	+edge_103_0_+disjointig_1_4725_12847 8122 1 30239 4725 12847
	Sequence	+edge_103_1_+disjointig_1_13863_21985 8122 1 30239 13863 21985
	Sequence	+edge_103_2_+disjointig_2_603398_611512 8114 12 611514 603398 611512
Edge	205	154	100	1	0	0	3976	-1
	Sequence	-edge_103_0_+disjointig_1_4725_12847 8122 -1 30239 17391 25513
	Sequence	-edge_103_1_+disjointig_1_13863_21985 8122 -1 30239 8253 16375
	Sequence	-edge_103_2_+disjointig_2_603398_611512 8114 -12 611514 1 8115
Edge	206	100	6	0	0	0	74	-1
	Sequence	+edge_104_0_-disjointig_2_8115_500437 492322 -12 611514 8115 500437
Edge	207	4	82	0	0	0	74	-1
	Sequence	-edge_104_0_-disjointig_2_8115_500437 492322 12 611514 111076 603398
Edge	208	10	75	0	0	0	90	-1
	Sequence	+edge_105_0_-disjointig_18_13078_94795 81717 -10 94796 13078 94795
Edge	209	133	9	0	0	0	90	-1
	Sequence	-edge_105_0_-disjointig_18_13078_94795 81717 10 94796 0 81717
Edge	210	122	116	0	0	0	84	-1
	Sequence	+edge_106_0_+disjointig_10_169118_817801 648683 2 817802 169118 817801
Edge	211	143	153	0	0	0	84	-1
	Sequence	-edge_106_0_+disjointig_10_169118_817801 648683 -2 817802 0 648683
Edge	212	56	90	0	0	0	82	-1
	Sequence	+edge_107_0_+disjointig_9_108906_525283 416377 35 646555 108906 525283
Edge	213	141	43	0	0	0	82	-1
	Sequence	-edge_107_0_+disjointig_9_108906_525283 416377 -35 646555 121271 537648
Edge	214	140	107	0	0	0	82	-1
	Sequence	+edge_108_0_+disjointig_11_12937_506943 494006 3 517439 12937 506943
Edge	215	138	129	0	0	0	82	-1
	Sequence	-edge_108_0_+disjointig_11_12937_506943 494006 -3 517439 10495 504501
Edge	216	72	38	0	0	0	82	-1
	Sequence	+edge_109_0_-disjointig_8_128400_527294 398894 -34 558901 128400 527294
Edge	217	136	64	0	0	0	82	-1
	Sequence	-edge_109_0_-disjointig_8_128400_527294 398894 34 558901 31606 430500
Edge	218	128	87	1	0	0	338	-1
	Sequence	+edge_110_0_+disjointig_12_13001_28469 15468 4 40438 13001 28469
Edge	219	128	87	1	0	0	338	-1
	Sequence	-edge_110_0_+disjointig_12_13001_28469 15468 -4 40438 11968 27436
Edge	220	46	24	0	0	0	87	-1
	Sequence	+edge_111_0_+disjointig_13_0_483409 483409 5 569460 0 483409
Edge	221	23	152	0	0	0	87	-1
	Sequence	-edge_111_0_+disjointig_13_0_483409 483409 -5 569460 86050 569459
Edge	222	22	131	0	0	0	81	-1
	Sequence	+edge_112_0_+disjointig_19_8943_308997 300054 11 331008 8943 308997
Edge	223	151	142	0	0	0	81	-1
	Sequence	-edge_112_0_+disjointig_19_8943_308997 300054 -11 331008 22010 322064
Edge	224	137	114	1	0	0	1945	-1
	Sequence	+edge_113_0_+disjointig_13_559342_561743 2401 5 569460 559342 561743
	Sequence	+edge_113_1_+disjointig_13_565931_568559 2628 5 569460 565931 568559
	Sequence	+edge_113_2_-disjointig_14_212007_215042 3035 -6 219307 212007 215042
	Sequence	+edge_113_3_-disjointig_2_608913_611513 2600 -12 611514 608913 611513
	Sequence	+edge_113_4_-disjointig_2_602127_604704 2577 -12 611514 602127 604704
	Sequence	+edge_113_5_-disjointig_2_595434_598037 2603 -12 611514 595434 598037
	Sequence	+edge_113_6_-disjointig_2_588705_591229 2524 -12 611514 588705 591229
	Sequence	+edge_113_7_-disjointig_22_1218026_1220629 2603 -15 1220630 1218026 1220629
	Sequence	+edge_113_8_-disjointig_22_1211170_1213824 2654 -15 1220630 1211170 1213824
	Sequence	+edge_113_9_-disjointig_22_1204367_1207018 2651 -15 1220630 1204367 1207018
	Sequence	+edge_113_10_-disjointig_5_728184_730768 2584 -31 735670 728184 730768
	Sequence	+edge_113_11_-disjointig_5_721483_724105 2622 -31 735670 721483 724105
	Sequence	+edge_113_12_-disjointig_5_714595_717239 2644 -31 735670 714595 717239
Edge	225	117	149	1	0	0	1945	-1
	Sequence	-edge_113_0_+disjointig_13_559342_561743 2401 -5 569460 7716 10117
	Sequence	-edge_113_1_+disjointig_13_565931_568559 2628 -5 569460 900 3528
	Sequence	-edge_113_2_-disjointig_14_212007_215042 3035 6 219307 4264 7299
	Sequence	-edge_113_3_-disjointig_2_608913_611513 2600 12 611514 0 2600
	Sequence	-edge_113_4_-disjointig_2_602127_604704 2577 12 611514 6809 9386
	Sequence	-edge_113_5_-disjointig_2_595434_598037 2603 12 611514 13476 16079
	Sequence	-edge_113_6_-disjointig_2_588705_591229 2524 12 611514 20284 22808
	Sequence	-edge_113_7_-disjointig_22_1218026_1220629 2603 15 1220630 0 2603
	Sequence	-edge_113_8_-disjointig_22_1211170_1213824 2654 15 1220630 6805 9459
	Sequence	-edge_113_9_-disjointig_22_1204367_1207018 2651 15 1220630 13611 16262
	Sequence	-edge_113_10_-disjointig_5_728184_730768 2584 31 735670 4901 7485
	Sequence	-edge_113_11_-disjointig_5_721483_724105 2622 31 735670 11564 14186
	Sequence	-edge_113_12_-disjointig_5_714595_717239 2644 31 735670 18430 21074
Edge	226	117	67	1	0	0	202	-1
	Sequence	+edge_114_0_+disjointig_22_20035_40183 20148 15 1220630 20035 40183
Edge	227	112	114	1	0	0	202	-1
	Sequence	-edge_114_0_+disjointig_22_20035_40183 20148 -15 1220630 1180446 1200594
Edge	228	115	7	0	0	0	87	-1
	Sequence	+edge_115_0_+disjointig_14_10276_175315 165039 6 219307 10276 175315
Edge	229	74	111	0	0	0	87	-1
	Sequence	-edge_115_0_+disjointig_14_10276_175315 165039 -6 219307 43991 209030
Edge	230	130	109	0	0	0	80	-1
	Sequence	+edge_116_0_+disjointig_14_179550_203640 24090 6 219307 179550 203640
Edge	231	13	97	0	0	0	80	-1
	Sequence	-edge_116_0_+disjointig_14_179550_203640 24090 -6 219307 15666 39756
Edge	232	79	102	0	0	0	87	-1
	Sequence	+edge_117_0_+disjointig_17_19192_123916 104724 9 123920 19192 123916
Edge	233	105	76	0	0	0	87	-1
	Sequence	-edge_117_0_+disjointig_17_19192_123916 104724 -9 123920 3 104727
Edge	234	102	42	0	0	0	79	-1
	Sequence	+edge_118_0_+disjointig_15_9401_266059 256658 7 278588 9401 266059
Edge	235	16	105	0	0	0	79	-1
	Sequence	-edge_118_0_+disjointig_15_9401_266059 256658 -7 278588 12528 269186
Edge	236	73	92	0	0	0	87	-1
	Sequence	+edge_119_0_+disjointig_20_9816_275869 266053 13 275871 9816 275869
Edge	237	91	144	0	0	0	87	-1
	Sequence	-edge_119_0_+disjointig_20_9816_275869 266053 -13 275871 1 266054
Edge	238	92	156	0	0	0	83	-1
	Sequence	+edge_120_0_+disjointig_16_14276_631077 616801 8 639659 14276 631077
Edge	239	88	91	0	0	0	83	-1
	Sequence	-edge_120_0_+disjointig_16_14276_631077 616801 -8 639659 8581 625382
Edge	240	156	85	1	0	0	126	-1
	Sequence	+edge_121_0_+disjointig_16_631077_639270 8193 8 639659 631077 639270
	Sequence	+edge_121_1_+disjointig_19_320638_328831 8193 11 331008 320638 328831
Edge	241	84	88	1	0	0	126	-1
	Sequence	-edge_121_0_+disjointig_16_631077_639270 8193 -8 639659 388 8581
	Sequence	-edge_121_1_+disjointig_19_320638_328831 8193 -11 331008 2176 10369
Edge	242	88	151	1	0	0	192	-1
	Sequence	+edge_122_0_-disjointig_19_10369_22010 11641 -11 331008 10369 22010
Edge	243	131	156	1	0	0	192	-1
	Sequence	-edge_122_0_-disjointig_19_10369_22010 11641 11 331008 308997 320638
Edge	244	120	113	1	0	0	124	-1
	Sequence	+edge_123_0_-disjointig_6_0_22298 22298 -32 918908 0 22298
Edge	245	80	31	1	0	0	124	-1
	Sequence	-edge_123_0_-disjointig_6_0_22298 22298 32 918908 896609 918907
Edge	246	151	62	0	0	0	81	-1
	Sequence	+edge_124_0_+disjointig_24_8931_414068 405137 17 414070 8931 414068
Edge	247	60	131	0	0	0	81	-1
	Sequence	-edge_124_0_+disjointig_24_8931_414068 405137 -17 414070 1 405138
Edge	248	62	47	0	0	0	66	-1
	Sequence	+edge_125_0_-disjointig_31_13062_70431 57369 -25 70432 13062 70431
Edge	249	50	60	0	0	0	66	-1
	Sequence	-edge_125_0_-disjointig_31_13062_70431 57369 25 70432 0 57369
Edge	250	73	41	0	0	0	77	-1
	Sequence	+edge_126_0_+disjointig_5_29349_272260 242911 31 735670 29349 272260
Edge	251	95	144	0	0	0	77	-1
	Sequence	-edge_126_0_+disjointig_5_29349_272260 242911 -31 735670 463409 706320
Edge	252	67	27	0	0	0	81	-1
	Sequence	+edge_127_0_+disjointig_22_40183_1220628 1180445 15 1220630 40183 1220628
Edge	253	155	112	0	0	0	81	-1
	Sequence	-edge_127_0_+disjointig_22_40183_1220628 1180445 -15 1220630 1 1180446
Edge	254	27	30	0	0	0	80	-1
	Sequence	+edge_128_0_+disjointig_7_12366_318644 306278 33 318645 12366 318644
Edge	255	103	155	0	0	0	80	-1
	Sequence	-edge_128_0_+disjointig_7_12366_318644 306278 -33 318645 0 306278
Edge	256	125	56	0	0	0	92	-1
	Sequence	+edge_129_0_+disjointig_9_22995_108906 85911 35 646555 22995 108906
Edge	257	43	146	0	0	0	92	-1
	Sequence	-edge_129_0_+disjointig_9_22995_108906 85911 -35 646555 537648 623559
Edge	258	2	39	1	0	0	124	-1
	Sequence	+edge_130_0_-disjointig_4_270257_279188 8931 -30 279436 270257 279188
	Sequence	+edge_130_1_-disjointig_9_637662_646554 8892 -35 646555 637662 646554
Edge	259	68	1	1	0	0	124	-1
	Sequence	-edge_130_0_-disjointig_4_270257_279188 8931 30 279436 247 9178
	Sequence	-edge_130_1_-disjointig_9_637662_646554 8892 35 646555 0 8892
Edge	260	48	16	0	0	0	81	-1
	Sequence	+edge_131_0_-test_sample.27961_1985_6895 4910 * 0 0 0
Edge	261	42	15	0	0	0	81	-1
	Sequence	-edge_131_0_-test_sample.27961_1985_6895 4910 * 0 0 0
Edge	262	14	13	0	0	0	83	-1
	Sequence	+edge_132_0_+test_sample.72824_4372_8586 4214 * 0 0 0
Edge	263	109	12	0	0	0	83	-1
	Sequence	-edge_132_0_+test_sample.72824_4372_8586 4214 * 0 0 0
Edge	264	11	10	0	0	0	82	-1
	Sequence	+edge_133_0_+test_sample.88683_1126_7288 6162 * 0 0 0
Edge	265	9	8	0	0	0	82	-1
	Sequence	-edge_133_0_+test_sample.88683_1126_7288 6162 * 0 0 0
Edge	266	7	130	0	0	0	83	-1
	Sequence	+edge_134_0_+test_sample.82332_1620_5855 4235 * 0 0 0
Edge	267	97	74	0	0	0	83	-1
	Sequence	-edge_134_0_+test_sample.82332_1620_5855 4235 * 0 0 0
Edge	268	6	127	0	0	0	72	-1
	Sequence	+edge_135_0_+test_sample.14115_1114_6024 4910 * 0 0 0
Edge	269	5	4	0	0	0	72	-1
	Sequence	-edge_135_0_+test_sample.14115_1114_6024 4910 * 0 0 0
Edge	270	3	2	1	0	0	218	-1
	Sequence	+edge_136_haplotype 2013 * 0 0 0
Edge	271	1	0	1	0	0	218	-1
	Sequence	-edge_136_haplotype 2013 * 0 0 0
